$ANSIBLE_VAULT;1.1;AES256
33366633323663623831623035656363313833616336383333316538373539633135616536613462
3364613564343532323964343265663863623064643831390a313330306138646233353737656535
33386362646466386634613833316364323338303136383763333131653731373564653130343438
3436633936313639650a663439306637366137626639633835303636353031343037636238393935
63616462353839333438333963633866616633373033343933663435383932623438626263663331
65353535396133643063633934633432646435343332336662626331383433323237376334663937
61393632633434656666613861313363396563313366323439303930383262383566663563653561
32633933626166353234626634643961393665636665346261323633353739346662656137646664
63623034323666636430653730616662656438386164383632393462346165646361353831316465
35626630393264313264363261306562636431306265313736633066633262303633633366336132
33376431623933343738666535383361396130326439346437636162633939373932656366373835
32666137353033666465323631343361663032333162616464313239313263323062386438353934
66613136386138373433333939656630316466343366356133373233656564336631363065323462
38653632653166643663326337326464323663366466356239616566393534613233633665343530
32663133396566306339636563396138323236346232363366353763663537633736616662303135
31613661313532616234306361353835313533653363333265336633313563633639353262636535
33623963613865653039393538353865623233396132656533643065306661623230353839316361
33623035366630323130373930346531323234646431633839336262633536616666623630346661
34326438326339313963636638646130393965313236396332336333303639363866393561323636
31306431383665653632336437383564356266623063363563323965636363326433376338343636
61666166366465313936316532363737646238623662653837656464623864393366363739356263
64656336663838626165616466623331313537313164363834646635353966623463356263313539
62633331356632643233393265393562383936373734623662616535316361356432353237623562
31353635316131316463646634666134303330636634653337386236326265386364383061326665
30623661353164353733373237633436626134323839303635313734373338323339646165373034
38376131316662646530373338326130353932383264393030393139393065396637343735663664
30353630633832386665636330646564666561306337383836656339333536313963303137326165
65613137353935373737663635383565383338393034343834316435346535653563613462646238
36336666616431663932316366643530303030393238316536623034303763643035303131333331
36316632376266353733356232323637626266313936353539336666613438383934393162356332
36386262333463663730373663353435366431623534656539646637303839336462656563613564
66383264346461663333353838636664343238643863333431653638393438356336663432363266
33613035643462373666376536383231316435303638336239313031316331623839313966326132
35393334626366396339326133323938653832646366336231326565643337323666636139353439
39666165373533653534343730383266663663343632336461353164373136323066653865316164
38323533626461383961636564393834363664663666636230316636356565666633396530343935
30646134653035623231383933393536313563646663306137343637316238626263333964623061
39666239656562333330373037663765306431393665323066616431353264376266643439616461
30653361636136366137366536333938386431346465363863386136353865353535666264336237
64366630646432646532626563353436656439623863393066303262383831393532316262363236
66663138353034663630303332353066316632383238616632326666313738336232333937643866
61336466633364643166643533393037613137333431333033626265376239303563393232613665
64613437646563313436333532333961363533353338633566303131353061346665613837623139
62373133313332393634643031313965306630643738346561303834643735396434653836333764
62663466666632386562343136613832393935636339306165613439373339643730343333636364
65383536643838323338643534313765313966613761653334383661343465643962353731383037
62626339653163336238663066656437363539316335323339333031383339333037656662643433
32326235656231663163346332613436306364313333346261356631653836633165656661383736
33643734623330336637373830646537373761363466623935353234336663643663633635646136
66623366303533613733396666333936333866396430626163333434663565306636383239623665
65353333666364666136333732363466383739386134653032366264356336643830666563323830
32663266653634373739386664373239623965396666373436376633646161343338656235306233
32633064626635333535313863333965356430326561373030353563666139353137323938646265
64613966666330653635393263393663386636633738396436393235333833326135643035663530
30336334323137373161636330363136653964646239383338386566666230323464623531623263
39616361656366373332353838343336613935303761656635663235356665393064653162656130
63643263363632383731383039313865373336386435323261613565363363336536656330336334
62386432393033663761303839313934303838343231623831636239363633373232343039663361
37626434333339363236376534393662373966323964646431376361323361306663323861393865
38333237616236343539303330663433646635373132383030613762633637353261313866363539
66373036346634353437383661643831333038626163633032396239663934323630653633363164
62666137356532306430376564383933643465396264333165646636396532363361653865643838
65633837663636323734663933663738333561653966353731313438353730356135653164656561
64383737623763386461343135323966656339356239343530653364326134656332336338343737
64636234643166393939323437613537346339386633623762646332333135636131636331393333
39326335333863656631383633363138396139386335393332336464396365623730393465326466
30663135633331313962646166613766383063313363386139653835393963356463333530663430
66336366653965333235363838393262323532626435396639346634303034316134663936383934
35396634613562613832656531626339353765623235366131633131653535663836383638623738
31313438653732663261653637303464666666643339646662306565393934613963636238386336
64393864366264636165656261386263653864373265633739346131666361663561396636376261
66633133653561343139386132363165376332353161663037346335343262366338323437386635
32373733333066363136613561646365376638633434616362343263323261323930343037623262
63323832643338613563333365366232666261366365326235393634343937373235346463336433
34306232643166653764343535656230616633373439653161306434303536333530376335646561
37376263646634633130313166663463393264373265663638336332383439316165323631306331
35353864626263653631306464663832363264646139626336306137346530613432326336656438
61306463393862633134373334333365363632303530386330396338656365633437386662643833
32623831303437636137623633393966303534643834373364326166386463353537613663336539
37373238386664333732323165613336343764383935386164346665663333313439316563343633
65356264356334623161316636613238383637643565353133396232323434643263313235316138
35313961366233633537313932323362356637623933383737323264323761626235376438646635
35393534396330653332306636646364383039323764353064386637653135663132396133643633
62393066306461346338353564336365333764383938623765383162333637396236313532323834
34333165313530373734656237373537643762626263643939363738346438356166653265353432
30636138346565383434386134663165306263383561613234653731303037363665376538313264
37643337303134396535306230373765373637613039363739323838616534383131363431646136
37303137373765323933313631653135366364656133353734346261383562333262316562656463
38316339613433663464373238613662373263366430663236303633343839313935323437386636
34323636353833366531613932616464613561653334656434386634353334346537663466383235
31663263613633613538396363653965313663376532386133313761656132663863353836356437
62366531366537363364313463333135323733646665643630633735623462306137656662366364
32646130346661353638323839616330396533353631613138613364373663363939356634313563
36373431366439643861373830396532353965383663323735623636306639633536393336383561
37306433343034303739623636306339306465656362343130386264363837373339616638323366
34623933343234633238613766313465623735373065366239666261333263663661653364346233
35633833363533383161326630643934306565353336373139383038653264383232396134643234
62633331333461643234633435363030326639363861353062613538383764643533663763326161
36393930373166333366386630393338303439636366363330323130386437333634323563633965
64383964306535373834373766663565393835333862393965643530373162643130303335396334
33326534353134653233393262353732333661616631326433663665336239626161313963386564
62336161303331346638666339636634646432666439376239353833306665383037393738323964
32383764663939623466393837323131663764393532353461613430376634376132363138626138
65376639643265353736313964616637373739353266633232653634386164363732303164633562
38363865363232386434353635366637326635643061376635353637306439316639353137366163
61646637653939653864623763633566636238373732373161643664623839353830366234323137
62636638616664383161663664623237616131643365303735613835326364623532666531643261
65383239366239393031643964323466656433346535613131306663383164366131613665626162
31383932323763343737613166393465666566633462373732636335313431626666373661306636
63666331366337393565356665313938623831376539636330663563646461646162346562663964
64343030643562306561326166393637636637396262313963323234376166396266623363653964
35303138313038393763373563313131393433313534663739313461393133333635376233313537
30353132653431663434376637376434323932643636333063646165333532383332646430356636
31386636366136396564636433663132303363643262383039616166646361646562666563346534
38383839646537343433346264616562646665363537633863663237336337383961336139356133
63396238306236373030396131366431633763636563633265626130356339666335646566643638
36396237333933653266373261313239333633396136643036363563386632653661653035376533
36653865373862343564363932333930326438336238323836313236656463343631613363316335
31613136346465363134393262323734656434633963333135613631666264386332666464643061
34643530376462663138373939323862663738383230303930313766313430613233663733663937
61316462646531363833303930666338613632353362313662653637653037373661646663613762
64613737356465666163396131613832383762613331343638326462383365623438353766303031
63303731313331643231393834343738633736613032333731383163393665393339333439643030
61353836643839346462626633396336376230396330383733346437313661313037316631646335
61343161643863306137626234643832356238356231333436633966663265626239333633373365
65326666646239633562326333303064363431656261366239666566323861633661313435646231
31383234396532303166393031356233343333393835353336313762336263353736343763613261
32633838656336383339323638366431386139373563353832626333636132646530306261643366
36636230613062613339316632333636333666643437623361323634383263303131386232623465
32323031333933316462663738383164623165386233333536353131336634623531653230343630
32373264393532323838623432643531653234393830626233313836356639336439653338613336
62313834343863643164346434653963353934633935623861363165646337613939373230616431
61656438633164633065323730396537343633643432353134333866643637313539643538363837
32356361353238666636616635313362633035346335373531373534393632356131343563353638
63613334336335373935393933626430643731346134366331333932656534323365363166656161
65373031643765303366383632653732353433303439653531343134343036396266373863356539
35316463303965376632653935636430343062386261363262313931303830633463383138643138
66366434643062636433616135653039336265306135633566393338663231303038303462323837
33663330353065643936376132656630373538376366396234653465313837643731626237336366
61366437636564626632363336636134383062663564616433626137316462636662613266636231
32363961643564303432373637336336383732663239363531303334303065633435313566623563
36363464613665633333396233643261313631613335393830646137383738656462653934366231
38626332393737646362366130346635313934363864326262616136626561303166633234363635
38653731376165613235313637386539306666353862353935393366383864633862633964306536
30636139636162393430393235386435646261343535373863363061333465613339373763336666
33653235653161656365393736373131343061356338623339306333373533383063626337626632
62616439373064323832353635363961656262636565396436326264326436313362306439356336
32643432396639633461386661363662306161396536656530353862333633326566303766653836
64386365373337353161356364356438663761336237636661326534386639363861633330653435
34313039613534663663346530303832333734326462393238326264633838626535313838306333
65386663613664366335376666303635623065643737373538613961393134383962646139666132
35366434616438336236366135653639316239313532396232356661326134343862646562396539
65366131383838663566356135366332323630623638363339373637326432383636393261646663
34383765396333613066613539373562653338353765623939313365323365636535616361343766
36646366303866313666386639326533663733363631303964653533616362313537613736623833
38656139306233333531363762666130383731626663663336346338353464333764373964356463
34393233613332646261363835636638336134323232373837343431333130303530636237383832
66616533303839663637646333393565376630333733336634633936373735653934336538336264
33393738626264383365376563613463636131623666653366363164643634386263356139656463
63663132376466613036643063396338303339393835393231386161373534326236663837346637
36616163656232616437363861323864383635343030383938633935333734346633313937383363
38636632643861613236326364623438306362386336396139616264653233383131316630373965
35653234313964616131643734663136303136336666636239633839666566323435353566653363
39323632373663386566353766383038623535333164623066353730333639396439343238343761
61663136393565643636366639653737313365616537656635663065663037613535653632306434
34656666663961383835353030303862393830343033626466383064303037373765396635336466
62313939386465323166373265663234323333623830646434663834366133343530653335353435
31383930363065343363396565366137396562356135373832623636326430656164353165393330
61373331323564633637613164643263303133643063643538373938666139663166666538633239
30316665393339353633383462663838383465356637646163343964383036656466376534626531
32383836316132633133613038333031636634353230633536626130393031613633626363326636
34303862646164333866383861323963636633396537313464333837386466613866313538383065
62376137656534373431393562356432613038323837383339663464656630303837
