$ANSIBLE_VAULT;1.1;AES256
31336262663139313665643130376531383431373363663966386662373862306264363761376434
6337386436353263663263616635353033313833613135380a303465363235336132656238393762
62346339333439303037386434646130323839343631623661376163386566613334623235663836
3265623136333362300a383066653662653434366539643761386262323564336339646431663337
64323662383939313362613464366366616330663865386231393836616563633130626636646664
66626261646631313733633630373163643137636332386334623832396231616339303863623933
39663734353638323532313730376565366235653834313632656430353539353030623336316162
39343638656633323335396562363166383235356338666233366662396665323139393864323261
37663332626463653436393730613833613561653830636639396165383033396635366432626636
65333335393264643762303930663836666163343738643938363632376137383164313061663963
30353665326439623562383438396333656530383263386533653161346337653962383639653034
64326330623136373162396238306137646138636139336333366236623238343765623238663863
32363130666630616633383336333630303235316363666664323365383630623261636336663266
38343934306330353135613635653234323764386531313064623666376238373262653463383832
32306637386132346339656464303736303863643737373266396234353462386662653739636630
30613263326233343763326165663938363363626663343334353333346363356430316562386137
33666161363963333739656433326234346333393832633634366234363764316332343536616433
66396639303861363464303239653636633535373330353539613336623838363431376130643464
38396437613864363937616435373138626262333530623037623236303863636132666562646362
38616634373131393266396434633334353130356364393834393430353161383464633631313265
33316639636262303435356130363565346537366431656232373134653931316330306135613839
63313465316561336530653665643738306232653633636438626132343539303938633537346263
30346462663963396634656637653630636538663130653365656261653637326263613166343839
65393236623162353864346664383764303166366230346532346636393737646538666636353130
3936
